{
 "cells": [
  {
   "cell_type": "code",
   "execution_count": 5,
   "id": "fdc1f5ec",
   "metadata": {
    "ExecuteTime": {
     "end_time": "2023-04-06T10:23:17.530137Z",
     "start_time": "2023-04-06T10:23:16.956235Z"
    }
   },
   "outputs": [],
   "source": [
    "# libraries to import\n",
    "import numpy as np\n",
    "import matplotlib.pyplot as plt\n",
    "np.random.seed(1)"
   ]
  },
  {
   "cell_type": "markdown",
   "id": "4f1e291d",
   "metadata": {},
   "source": [
    "# Stochastic Linear Bandits\n",
    "\n",
    "# Strategy 1: UCB Algorithm\n",
    "\n",
    "The difference here is that instead of having confidence intervals, we have confidence ellipsoids.\n",
    "\n",
    "The goal of the algorithm is to optimize the selection of actions (arms) in order to maximize the cumulative reward received over a series of rounds.\n",
    "\n",
    "The key idea behind the algorithm is to model the relationship between the observed rewards and the features of each arm using linear regression, and then use the estimated regression coefficients to make informed decisions about which arm to select in each round."
   ]
  },
  {
   "cell_type": "markdown",
   "id": "fdcfdcd4",
   "metadata": {},
   "source": [
    "### Steps of the algorithm\n",
    "\n"
   ]
  },
  {
   "cell_type": "code",
   "execution_count": 19,
   "id": "44f140c9",
   "metadata": {
    "ExecuteTime": {
     "end_time": "2023-04-06T15:56:16.069869Z",
     "start_time": "2023-04-06T15:56:16.064731Z"
    }
   },
   "outputs": [],
   "source": [
    "# --------- Start of the algorithm LinUCB -----------\n",
    "def linUCB_algorithm(n_arms, n_features, item_features, true_theta, n_rounds, noise, lambda_param, beta_param, delta_param):\n",
    "    \n",
    "    # Initialize feature matrix.\n",
    "    # V_t[i, j] represents the sum of the product of the ith and jth feature components across all observed data points.\n",
    "    # V_t[i, i] represents the sum of the squared ith feature components.\n",
    "    # Initializing V_0 to lambda * Identity matrix makes it invertible.\n",
    "    V_t = lambda_param * np.eye(n_features)\n",
    "\n",
    "    # Initialize label vector.\n",
    "    # Represents the sum of the product of the observed rewards with each feature component across all observed data points.\n",
    "    sum_A_s_X_s = np.zeros(n_features)\n",
    "    \n",
    "    # Initialize theta_hat matrix, where each column represents the estimate of the true_theta vector at each round.\n",
    "    theta_hat = np.zeros((n_features, n_rounds + 1))\n",
    "    theta_hat[:, 0] = np.random.uniform(low=0, high=1, size=(n_features, 1)).reshape((n_features,))\n",
    "\n",
    "\n",
    "    # Initialize arrays to store actions, rewards and regrets.\n",
    "    actions = np.zeros(n_rounds + 1, dtype=int)\n",
    "    rewards = np.zeros(n_rounds + 1)\n",
    "    regrets = np.zeros(n_rounds + 1)\n",
    "    \n",
    "    print(\"theta at time step 0 : \")\n",
    "    print(theta_hat[:, 0])\n",
    "\n",
    "    for t in range(1, n_rounds + 1):\n",
    "        \n",
    "        # Compute beta parameter for this round using the given formula.\n",
    "        beta_param_t = 1.0 #* np.log(t * 2) # 2 * np.log(t * n_arms * lambda_param / delta_param)\n",
    "        # print(\"beta param : \" + str(beta_param_t))\n",
    "        \n",
    "        # Choose the best action based on the last theta_hat.\n",
    "        max_value = -np.Inf\n",
    "        max_index = -1\n",
    "        print(V_t)\n",
    "        print(np.linalg.inv(V_t))\n",
    "        for i in range(n_arms):\n",
    "            # Compute the UCB for each arm using the given formula.\n",
    "            estimated_value = theta_hat[:, t-1].T @ item_features[:, i]\n",
    "            penalty_value = np.sqrt(beta_param_t) * np.sqrt(item_features[:, i].T @ (np.linalg.inv(V_t) @ item_features[:, i]))\n",
    "            value = estimated_value + penalty_value\n",
    "            # print(\"Values for arm \" + str(i) + \" : \", estimated_value, penalty_value, value)\n",
    "            if value >= max_value:\n",
    "                max_value = value\n",
    "                max_index = i\n",
    "        # Update the best action to take for this round.\n",
    "        actions[t] = max_index\n",
    "        \n",
    "        # print(\"best action to take : \", actions[t])\n",
    "        \n",
    "        # Observe the reward of the chosen action and add noise.\n",
    "        expected_reward = true_theta.T @ item_features[:, actions[t]]\n",
    "        rewards[t] = expected_reward + np.random.normal(scale=noise) # this might be the reason why we get negative regret\n",
    "        \n",
    "        # print(\"current reward of chosen action : \" + str(rewards[t]))\n",
    "        \n",
    "        # Compute the regret for this round.\n",
    "        optimal_reward = np.max(item_features.T @ true_theta) # todo put this outside the for loop\n",
    "        # print(\"optimal reward possible : \" + str(optimal_reward) + \" with arm \" + str(np.argmax(item_features.T @ true_theta)))\n",
    "        regret = optimal_reward - expected_reward\n",
    "        # print(\"regret : \" + str(regret))\n",
    "        regrets[t] = regrets[t - 1] + regret\n",
    "        \n",
    "        # Update the feature matrix V_t by adding the outer product of the chosen action's feature vector with itself.\n",
    "        V_t += np.outer(item_features[:, actions[t]], item_features[:, actions[t]])\n",
    "        # V_t += item_features[:, actions[t]] @ item_features[:, actions[t]].T \n",
    "        \n",
    "        # Compute the inverse of the updated feature matrix V_t.\n",
    "        V_t_inv = np.linalg.inv(V_t)\n",
    "        print(V_t)\n",
    "        print(V_t_inv)\n",
    "        # Update the label vector sum_A_s_X_s by adding the outer product of the chosen action's feature vector with the observed reward.\n",
    "        sum_A_s_X_s += item_features[:, actions[t]] * rewards[t]\n",
    "        \n",
    "        # Compute the new estimate of the true_theta vector using the updated feature matrix and label vector.\n",
    "        # This estimate represents the center of the ellipsoid in the feature space.\n",
    "        # theta_hat_not_normalized = V_t_inv @ sum_A_s_X_s\n",
    "        theta_hat[:, t] = V_t_inv @ sum_A_s_X_s # theta_hat_not_normalized / np.linalg.norm(theta_hat_not_normalized) # todo idk if we should normalize this np.linalg.norm()\n",
    "\n",
    "        # theta_hat_not_normalized = V_t_inv @ sum_A_s_X_s\n",
    "        # theta_hat[:, t] = theta_hat_not_normalized / np.linalg.norm(theta_hat_not_normalized)\n",
    "\n",
    "        \n",
    "        # print(\"theta at time step \" + str(t) + \" : \")\n",
    "        # print(theta_hat[:, t])\n",
    "        print(np.linalg.eigvalsh(V_t_inv))\n",
    "        print(np.linalg.eigvalsh(V_t))\n",
    "        print(\" -------------\\n \")\n",
    "        \n",
    "    return actions, rewards, regrets, theta_hat[:, n_rounds]\n"
   ]
  },
  {
   "cell_type": "code",
   "execution_count": 22,
   "id": "fee05109",
   "metadata": {
    "ExecuteTime": {
     "end_time": "2023-04-06T10:23:17.839285Z",
     "start_time": "2023-04-06T10:23:17.538720Z"
    },
    "pycharm": {
     "is_executing": true
    }
   },
   "outputs": [
    {
     "name": "stdout",
     "output_type": "stream",
     "text": [
      "theta at time step 0 : \n",
      "[0.16612596 0.25917862 0.1825025  0.17807243 0.22776821]\n",
      "[[0.5 0.  0.  0.  0. ]\n",
      " [0.  0.5 0.  0.  0. ]\n",
      " [0.  0.  0.5 0.  0. ]\n",
      " [0.  0.  0.  0.5 0. ]\n",
      " [0.  0.  0.  0.  0.5]]\n",
      "[[2. 0. 0. 0. 0.]\n",
      " [0. 2. 0. 0. 0.]\n",
      " [0. 0. 2. 0. 0.]\n",
      " [0. 0. 0. 2. 0.]\n",
      " [0. 0. 0. 0. 2.]]\n",
      "[[ 1.01707859 -0.52984414  0.18083234 -0.61503048 -0.66463409]\n",
      " [-0.52984414  1.04292484 -0.18529669  0.63021425  0.68104246]\n",
      " [ 0.18083234 -0.18529669  0.56324055 -0.215088   -0.23243534]\n",
      " [-0.61503048  0.63021425 -0.215088    1.23153772  0.7905379 ]\n",
      " [-0.66463409  0.68104246 -0.23243534  0.7905379   1.35429658]]\n",
      "[[ 1.67774012  0.33021578 -0.11270048  0.38330662  0.41422118]\n",
      " [ 0.33021578  1.66163191  0.11548281 -0.39276963 -0.4244474 ]\n",
      " [-0.11270048  0.11548281  1.96058647  0.13404971  0.14486112]\n",
      " [ 0.38330662 -0.39276963  0.13404971  1.54408235 -0.49268845]\n",
      " [ 0.41422118 -0.4244474   0.14486112 -0.49268845  1.4675751 ]]\n",
      "[0.31161596 2.         2.         2.         2.        ]\n",
      "[0.5        0.5        0.5        0.5        3.20907827]\n",
      " -------------\n",
      " \n",
      "[[ 1.01707859 -0.52984414  0.18083234 -0.61503048 -0.66463409]\n",
      " [-0.52984414  1.04292484 -0.18529669  0.63021425  0.68104246]\n",
      " [ 0.18083234 -0.18529669  0.56324055 -0.215088   -0.23243534]\n",
      " [-0.61503048  0.63021425 -0.215088    1.23153772  0.7905379 ]\n",
      " [-0.66463409  0.68104246 -0.23243534  0.7905379   1.35429658]]\n",
      "[[ 1.67774012  0.33021578 -0.11270048  0.38330662  0.41422118]\n",
      " [ 0.33021578  1.66163191  0.11548281 -0.39276963 -0.4244474 ]\n",
      " [-0.11270048  0.11548281  1.96058647  0.13404971  0.14486112]\n",
      " [ 0.38330662 -0.39276963  0.13404971  1.54408235 -0.49268845]\n",
      " [ 0.41422118 -0.4244474   0.14486112 -0.49268845  1.4675751 ]]\n",
      "[[ 1.58055705 -1.14692725  0.88283502 -0.21988187 -1.23871364]\n",
      " [-1.14692725  1.7187121  -0.95408206  0.19747449  1.30973516]\n",
      " [ 0.88283502 -0.95408206  1.43782191  0.27720301 -0.94764525]\n",
      " [-0.21988187  0.19747449  0.27720301  1.50864222  0.38795511]\n",
      " [-1.23871364  1.30973516 -0.94764525  0.38795511  1.93917667]]\n",
      "[[ 1.56618566  0.45989524 -0.34724771  0.10343945  0.49944757]\n",
      " [ 0.45989524  1.51088257  0.38813849 -0.06743058 -0.52352109]\n",
      " [-0.34724771  0.38813849  1.4674426  -0.45438096  0.32405265]\n",
      " [ 0.10343945 -0.06743058 -0.45438096  0.84195326 -0.27887298]\n",
      " [ 0.49944757 -0.52352109  0.32405265 -0.27887298  1.40246306]]\n",
      "[0.20059406 0.5883331  2.         2.         2.        ]\n",
      "[0.5        0.5        0.5        1.69971739 4.98519256]\n",
      " -------------\n",
      " \n",
      "[[ 1.58055705 -1.14692725  0.88283502 -0.21988187 -1.23871364]\n",
      " [-1.14692725  1.7187121  -0.95408206  0.19747449  1.30973516]\n",
      " [ 0.88283502 -0.95408206  1.43782191  0.27720301 -0.94764525]\n",
      " [-0.21988187  0.19747449  0.27720301  1.50864222  0.38795511]\n",
      " [-1.23871364  1.30973516 -0.94764525  0.38795511  1.93917667]]\n",
      "[[ 1.56618566  0.45989524 -0.34724771  0.10343945  0.49944757]\n",
      " [ 0.45989524  1.51088257  0.38813849 -0.06743058 -0.52352109]\n",
      " [-0.34724771  0.38813849  1.4674426  -0.45438096  0.32405265]\n",
      " [ 0.10343945 -0.06743058 -0.45438096  0.84195326 -0.27887298]\n",
      " [ 0.49944757 -0.52352109  0.32405265 -0.27887298  1.40246306]]\n",
      "[[ 2.55941799 -1.16740278  0.73388799  0.5189037  -0.31160071]\n",
      " [-1.16740278  1.7191404  -0.95096643  0.18202079  1.29034208]\n",
      " [ 0.73388799 -0.95096643  1.46048623  0.16478671 -1.08871812]\n",
      " [ 0.5189037   0.18202079  0.16478671  2.0662333   1.08768439]\n",
      " [-0.31160071  1.29034208 -1.08871812  1.08768439  2.81727728]]\n",
      "[[ 0.66616925  0.53384008 -0.09118939 -0.12372515 -0.15829579]\n",
      " [ 0.53384008  1.5048073   0.36710088 -0.04876686 -0.46948126]\n",
      " [-0.09118939  0.36710088  1.39459297 -0.38975171  0.5111833 ]\n",
      " [-0.12372515 -0.04876686 -0.38975171  0.7846168  -0.44488774]\n",
      " [-0.15829579 -0.46948126  0.5111833  -0.44488774  0.9217759 ]]\n",
      "[0.19825095 0.30512414 0.76858713 2.         2.        ]\n",
      "[0.5        0.5        1.30108866 3.27735454 5.04411199]\n",
      " -------------\n",
      " \n",
      "[[ 2.55941799 -1.16740278  0.73388799  0.5189037  -0.31160071]\n",
      " [-1.16740278  1.7191404  -0.95096643  0.18202079  1.29034208]\n",
      " [ 0.73388799 -0.95096643  1.46048623  0.16478671 -1.08871812]\n",
      " [ 0.5189037   0.18202079  0.16478671  2.0662333   1.08768439]\n",
      " [-0.31160071  1.29034208 -1.08871812  1.08768439  2.81727728]]\n",
      "[[ 0.66616925  0.53384008 -0.09118939 -0.12372515 -0.15829579]\n",
      " [ 0.53384008  1.5048073   0.36710088 -0.04876686 -0.46948126]\n",
      " [-0.09118939  0.36710088  1.39459297 -0.38975171  0.5111833 ]\n",
      " [-0.12372515 -0.04876686 -0.38975171  0.7846168  -0.44488774]\n",
      " [-0.15829579 -0.46948126  0.5111833  -0.44488774  0.9217759 ]]\n",
      "[[ 2.85626813 -0.85071488  1.19724054  0.57389685 -0.51735871]\n",
      " [-0.85071488  2.05699177 -0.45664917  0.240689    1.07083377]\n",
      " [ 1.19724054 -0.45664917  2.18373195  0.25062538 -1.40988521]\n",
      " [ 0.57389685  0.240689    0.25062538  2.07642109  1.04956656]\n",
      " [-0.51735871  1.07083377 -1.40988521  1.04956656  2.9598959 ]]\n",
      "[[ 0.54317231  0.21819455 -0.30492057 -0.08929132 -0.09757809]\n",
      " [ 0.21819455  0.69477004 -0.18139483  0.03960025 -0.31366216]\n",
      " [-0.30492057 -0.18139483  1.02319335 -0.32991622  0.61669216]\n",
      " [-0.08929132  0.03960025 -0.32991622  0.77497682 -0.46188607]\n",
      " [-0.09757809 -0.31366216  0.61669216 -0.46188607  0.89180248]]\n",
      "[0.18617323 0.29504523 0.58326477 0.86343177 2.        ]\n",
      "[0.5        1.15816911 1.71448724 3.38931091 5.37134157]\n",
      " -------------\n",
      " \n",
      "[[ 2.85626813 -0.85071488  1.19724054  0.57389685 -0.51735871]\n",
      " [-0.85071488  2.05699177 -0.45664917  0.240689    1.07083377]\n",
      " [ 1.19724054 -0.45664917  2.18373195  0.25062538 -1.40988521]\n",
      " [ 0.57389685  0.240689    0.25062538  2.07642109  1.04956656]\n",
      " [-0.51735871  1.07083377 -1.40988521  1.04956656  2.9598959 ]]\n",
      "[[ 0.54317231  0.21819455 -0.30492057 -0.08929132 -0.09757809]\n",
      " [ 0.21819455  0.69477004 -0.18139483  0.03960025 -0.31366216]\n",
      " [-0.30492057 -0.18139483  1.02319335 -0.32991622  0.61669216]\n",
      " [-0.08929132  0.03960025 -0.32991622  0.77497682 -0.46188607]\n",
      " [-0.09757809 -0.31366216  0.61669216 -0.46188607  0.89180248]]\n",
      "[[ 3.15311826 -0.53402698  1.6605931   0.62889001 -0.72311671]\n",
      " [-0.53402698  2.39484314  0.0376681   0.29935721  0.85132547]\n",
      " [ 1.6605931   0.0376681   2.90697767  0.33646404 -1.7310523 ]\n",
      " [ 0.62889001  0.29935721  0.33646404  2.08660888  1.01144874]\n",
      " [-0.72311671  0.85132547 -1.7310523   1.01144874  3.10251451]]\n",
      "[[ 0.52167959  0.16303804 -0.34226836 -0.08327428 -0.08696816]\n",
      " [ 0.16303804  0.55322257 -0.27724002  0.05504169 -0.28643404]\n",
      " [-0.34226836 -0.27724002  0.95829426 -0.31946045  0.63512898]\n",
      " [-0.08327428  0.05504169 -0.31946045  0.77329231 -0.46485639]\n",
      " [-0.08696816 -0.28643404  0.63512898 -0.46485639  0.88656486]]\n",
      "[0.16723054 0.27906223 0.42230858 0.82445225 2.        ]\n",
      "[0.5        1.21292652 2.36793676 3.58343014 5.97976904]\n",
      " -------------\n",
      " \n",
      "[[ 3.15311826 -0.53402698  1.6605931   0.62889001 -0.72311671]\n",
      " [-0.53402698  2.39484314  0.0376681   0.29935721  0.85132547]\n",
      " [ 1.6605931   0.0376681   2.90697767  0.33646404 -1.7310523 ]\n",
      " [ 0.62889001  0.29935721  0.33646404  2.08660888  1.01144874]\n",
      " [-0.72311671  0.85132547 -1.7310523   1.01144874  3.10251451]]\n",
      "[[ 0.52167959  0.16303804 -0.34226836 -0.08327428 -0.08696816]\n",
      " [ 0.16303804  0.55322257 -0.27724002  0.05504169 -0.28643404]\n",
      " [-0.34226836 -0.27724002  0.95829426 -0.31946045  0.63512898]\n",
      " [-0.08327428  0.05504169 -0.31946045  0.77329231 -0.46485639]\n",
      " [-0.08696816 -0.28643404  0.63512898 -0.46485639  0.88656486]]\n",
      "[[ 3.4499684  -0.21733908  2.12394566  0.68388316 -0.92887471]\n",
      " [-0.21733908  2.7326945   0.53198536  0.35802542  0.63181717]\n",
      " [ 2.12394566  0.53198536  3.63022339  0.4223027  -2.0522194 ]\n",
      " [ 0.68388316  0.35802542  0.4223027   2.09679667  0.97333091]\n",
      " [-0.92887471  0.63181717 -2.0522194   0.97333091  3.24513313]]\n",
      "[[ 0.51274292  0.14010398 -0.35779757 -0.0807724  -0.08255655]\n",
      " [ 0.14010398  0.49436716 -0.31709243  0.06146224 -0.27511258]\n",
      " [-0.35779757 -0.31709243  0.93130923 -0.31511294  0.64279501]\n",
      " [-0.0807724   0.06146224 -0.31511294  0.77259189 -0.46609145]\n",
      " [-0.08255655 -0.27511258  0.64279501 -0.46609145  0.88438706]]\n",
      "[0.14423115 0.26271312 0.37163603 0.81681796 2.        ]\n",
      "[0.5        1.224263   2.69080474 3.80643343 6.93331493]\n",
      " -------------\n",
      " \n",
      "[[ 3.4499684  -0.21733908  2.12394566  0.68388316 -0.92887471]\n",
      " [-0.21733908  2.7326945   0.53198536  0.35802542  0.63181717]\n",
      " [ 2.12394566  0.53198536  3.63022339  0.4223027  -2.0522194 ]\n",
      " [ 0.68388316  0.35802542  0.4223027   2.09679667  0.97333091]\n",
      " [-0.92887471  0.63181717 -2.0522194   0.97333091  3.24513313]]\n",
      "[[ 0.51274292  0.14010398 -0.35779757 -0.0807724  -0.08255655]\n",
      " [ 0.14010398  0.49436716 -0.31709243  0.06146224 -0.27511258]\n",
      " [-0.35779757 -0.31709243  0.93130923 -0.31511294  0.64279501]\n",
      " [-0.0807724   0.06146224 -0.31511294  0.77259189 -0.46609145]\n",
      " [-0.08255655 -0.27511258  0.64279501 -0.46609145  0.88438706]]\n",
      "[[ 3.74681854  0.09934881  2.58729821  0.73887632 -1.13463272]\n",
      " [ 0.09934881  3.07054587  1.02630262  0.41669364  0.41230887]\n",
      " [ 2.58729821  1.02630262  4.35346911  0.50814137 -2.37338649]\n",
      " [ 0.73887632  0.41669364  0.50814137  2.10698446  0.93521309]\n",
      " [-1.13463272  0.41230887 -2.37338649  0.93521309  3.38775174]]\n",
      "[[ 0.5078468   0.12753914 -0.36630552 -0.0794017  -0.08013958]\n",
      " [ 0.12753914  0.46212217 -0.33892629  0.06497985 -0.26890993]\n",
      " [-0.36630552 -0.33892629  0.91652501 -0.31273108  0.64699498]\n",
      " [-0.0794017   0.06497985 -0.31273108  0.77220816 -0.4667681 ]\n",
      " [-0.08013958 -0.26890993  0.64699498 -0.4667681   0.88319392]]\n",
      "[0.12290571 0.25175887 0.35358695 0.81364453 2.        ]\n",
      "[0.5        1.22903795 2.82815871 3.97205468 8.13631839]\n",
      " -------------\n",
      " \n",
      "[[ 3.74681854  0.09934881  2.58729821  0.73887632 -1.13463272]\n",
      " [ 0.09934881  3.07054587  1.02630262  0.41669364  0.41230887]\n",
      " [ 2.58729821  1.02630262  4.35346911  0.50814137 -2.37338649]\n",
      " [ 0.73887632  0.41669364  0.50814137  2.10698446  0.93521309]\n",
      " [-1.13463272  0.41230887 -2.37338649  0.93521309  3.38775174]]\n",
      "[[ 0.5078468   0.12753914 -0.36630552 -0.0794017  -0.08013958]\n",
      " [ 0.12753914  0.46212217 -0.33892629  0.06497985 -0.26890993]\n",
      " [-0.36630552 -0.33892629  0.91652501 -0.31273108  0.64699498]\n",
      " [-0.0794017   0.06497985 -0.31273108  0.77220816 -0.4667681 ]\n",
      " [-0.08013958 -0.26890993  0.64699498 -0.4667681   0.88319392]]\n",
      "[[ 4.04366868  0.41603671  3.05065077  0.79386947 -1.34039072]\n",
      " [ 0.41603671  3.40839724  1.52061989  0.47536185  0.19280057]\n",
      " [ 3.05065077  1.52061989  5.07671483  0.59398003 -2.69455359]\n",
      " [ 0.79386947  0.47536185  0.59398003  2.11717225  0.89709526]\n",
      " [-1.34039072  0.19280057 -2.69455359  0.89709526  3.53037036]]\n",
      "[[ 0.50475621  0.1196078  -0.37167603 -0.07853647 -0.0786139 ]\n",
      " [ 0.1196078   0.44176806 -0.35270854  0.06720028 -0.2649946 ]\n",
      " [-0.37167603 -0.35270854  0.90719271 -0.31122757  0.64964614]\n",
      " [-0.07853647  0.06720028 -0.31122757  0.77196593 -0.46719522]\n",
      " [-0.0786139  -0.2649946   0.64964614 -0.46719522  0.88244076]]\n",
      "[0.10558143 0.24519295 0.34543753 0.81191177 2.        ]\n",
      "[0.5        1.23166092 2.89487946 4.07842072 9.47136225]\n",
      " -------------\n",
      " \n",
      "[[ 4.04366868  0.41603671  3.05065077  0.79386947 -1.34039072]\n",
      " [ 0.41603671  3.40839724  1.52061989  0.47536185  0.19280057]\n",
      " [ 3.05065077  1.52061989  5.07671483  0.59398003 -2.69455359]\n",
      " [ 0.79386947  0.47536185  0.59398003  2.11717225  0.89709526]\n",
      " [-1.34039072  0.19280057 -2.69455359  0.89709526  3.53037036]]\n",
      "[[ 0.50475621  0.1196078  -0.37167603 -0.07853647 -0.0786139 ]\n",
      " [ 0.1196078   0.44176806 -0.35270854  0.06720028 -0.2649946 ]\n",
      " [-0.37167603 -0.35270854  0.90719271 -0.31122757  0.64964614]\n",
      " [-0.07853647  0.06720028 -0.31122757  0.77196593 -0.46719522]\n",
      " [-0.0786139  -0.2649946   0.64964614 -0.46719522  0.88244076]]\n",
      "[[ 4.34051881  0.73272461  3.51400332  0.84886263 -1.54614872]\n",
      " [ 0.73272461  3.74624861  2.01493715  0.53403006 -0.02670773]\n",
      " [ 3.51400332  2.01493715  5.79996055  0.67981869 -3.01572068]\n",
      " [ 0.84886263  0.53403006  0.67981869  2.12736004  0.85897744]\n",
      " [-1.54614872 -0.02670773 -3.01572068  0.85897744  3.67298897]]\n",
      "[[ 0.5026279   0.11414594 -0.37537438 -0.07794064 -0.07756326]\n",
      " [ 0.11414594  0.42775136 -0.36219959  0.06872937 -0.26229834]\n",
      " [-0.37537438 -0.36219959  0.90076609 -0.31019219  0.65147184]\n",
      " [-0.07794064  0.06872937 -0.31019219  0.77179912 -0.46748936]\n",
      " [-0.07756326 -0.26229834  0.65147184 -0.46748936  0.88192211]]\n",
      "[0.09196875 0.2410893  0.34098742 0.81082112 2.        ]\n",
      "[ 0.5         1.23331765  2.93265952  4.14784073 10.87325908]\n",
      " -------------\n",
      " \n",
      "[[ 4.34051881  0.73272461  3.51400332  0.84886263 -1.54614872]\n",
      " [ 0.73272461  3.74624861  2.01493715  0.53403006 -0.02670773]\n",
      " [ 3.51400332  2.01493715  5.79996055  0.67981869 -3.01572068]\n",
      " [ 0.84886263  0.53403006  0.67981869  2.12736004  0.85897744]\n",
      " [-1.54614872 -0.02670773 -3.01572068  0.85897744  3.67298897]]\n",
      "[[ 0.5026279   0.11414594 -0.37537438 -0.07794064 -0.07756326]\n",
      " [ 0.11414594  0.42775136 -0.36219959  0.06872937 -0.26229834]\n",
      " [-0.37537438 -0.36219959  0.90076609 -0.31019219  0.65147184]\n",
      " [-0.07794064  0.06872937 -0.31019219  0.77179912 -0.46748936]\n",
      " [-0.07756326 -0.26229834  0.65147184 -0.46748936  0.88192211]]\n",
      "[[ 4.63736895  1.04941251  3.97735588  0.90385578 -1.75190672]\n",
      " [ 1.04941251  4.08409998  2.50925441  0.59269827 -0.24621603]\n",
      " [ 3.97735588  2.50925441  6.52320627  0.76565735 -3.33688778]\n",
      " [ 0.90385578  0.59269827  0.76565735  2.13754783  0.82085961]\n",
      " [-1.75190672 -0.24621603 -3.33688778  0.82085961  3.81560758]]\n",
      "[[ 0.50107299  0.11015559 -0.37807635 -0.07750533 -0.07679567]\n",
      " [ 0.11015559  0.41751097 -0.36913361  0.06984649 -0.2603285 ]\n",
      " [-0.37807635 -0.36913361  0.8960709  -0.30943576  0.65280567]\n",
      " [-0.07750533  0.06984649 -0.30943576  0.77167725 -0.46770425]\n",
      " [-0.07679567 -0.2603285   0.65280567 -0.46770425  0.88154319]]\n",
      "[0.08122637 0.23835051 0.3382267  0.81007173 2.        ]\n",
      "[ 0.5         1.23445859  2.95659684  4.1955019  12.3112733 ]\n",
      " -------------\n",
      " \n",
      "[[ 4.63736895  1.04941251  3.97735588  0.90385578 -1.75190672]\n",
      " [ 1.04941251  4.08409998  2.50925441  0.59269827 -0.24621603]\n",
      " [ 3.97735588  2.50925441  6.52320627  0.76565735 -3.33688778]\n",
      " [ 0.90385578  0.59269827  0.76565735  2.13754783  0.82085961]\n",
      " [-1.75190672 -0.24621603 -3.33688778  0.82085961  3.81560758]]\n",
      "[[ 0.50107299  0.11015559 -0.37807635 -0.07750533 -0.07679567]\n",
      " [ 0.11015559  0.41751097 -0.36913361  0.06984649 -0.2603285 ]\n",
      " [-0.37807635 -0.36913361  0.8960709  -0.30943576  0.65280567]\n",
      " [-0.07750533  0.06984649 -0.30943576  0.77167725 -0.46770425]\n",
      " [-0.07679567 -0.2603285   0.65280567 -0.46770425  0.88154319]]\n",
      "[[ 5.55652642  0.49330987  4.69184851  0.77235411 -1.41655575]\n",
      " [ 0.49330987  4.42054956  2.07697676  0.67225855 -0.44910788]\n",
      " [ 4.69184851  2.07697676  7.0786059   0.6634366  -3.07620797]\n",
      " [ 0.77235411  0.67225855  0.6634366   2.15636146  0.77288175]\n",
      " [-1.41655575 -0.44910788 -3.07620797  0.77288175  3.93795906]]\n",
      "[[ 0.49524971  0.13533011 -0.41690802 -0.04729061 -0.12280958]\n",
      " [ 0.13533011  0.30867944 -0.20126112 -0.06077418 -0.06140663]\n",
      " [-0.41690802 -0.20126112  0.63712782 -0.10795355  0.34596896]\n",
      " [-0.04729061 -0.06077418 -0.10795355  0.61490504 -0.22895627]\n",
      " [-0.12280958 -0.06140663  0.34596896 -0.22895627  0.51795454]]\n",
      "[0.07770205 0.22827645 0.26696074 0.73228053 1.26869676]\n",
      "[ 0.78821041  1.36559686  3.74586917  4.38065343 12.86967252]\n",
      " -------------\n",
      " \n",
      "[[ 5.55652642  0.49330987  4.69184851  0.77235411 -1.41655575]\n",
      " [ 0.49330987  4.42054956  2.07697676  0.67225855 -0.44910788]\n",
      " [ 4.69184851  2.07697676  7.0786059   0.6634366  -3.07620797]\n",
      " [ 0.77235411  0.67225855  0.6634366   2.15636146  0.77288175]\n",
      " [-1.41655575 -0.44910788 -3.07620797  0.77288175  3.93795906]]\n",
      "[[ 0.49524971  0.13533011 -0.41690802 -0.04729061 -0.12280958]\n",
      " [ 0.13533011  0.30867944 -0.20126112 -0.06077418 -0.06140663]\n",
      " [-0.41690802 -0.20126112  0.63712782 -0.10795355  0.34596896]\n",
      " [-0.04729061 -0.06077418 -0.10795355  0.61490504 -0.22895627]\n",
      " [-0.12280958 -0.06140663  0.34596896 -0.22895627  0.51795454]]\n",
      "[[ 5.85337656  0.80999777  5.15520106  0.82734727 -1.62231375]\n",
      " [ 0.80999777  4.75840093  2.57129402  0.73092676 -0.66861618]\n",
      " [ 5.15520106  2.57129402  7.80185162  0.74927526 -3.39737506]\n",
      " [ 0.82734727  0.73092676  0.74927526  2.16654925  0.73476392]\n",
      " [-1.62231375 -0.66861618 -3.39737506  0.73476392  4.08057767]]\n",
      "[[ 0.49413614  0.13222693 -0.41866738 -0.04715375 -0.12196075]\n",
      " [ 0.13222693  0.30003176 -0.20616395 -0.06039279 -0.05904119]\n",
      " [-0.41866738 -0.20616395  0.63434814 -0.10773732  0.34731005]\n",
      " [-0.04715375 -0.06039279 -0.10773732  0.61488821 -0.22906059]\n",
      " [-0.12196075 -0.05904119  0.34731005 -0.22906059  0.51730751]]\n",
      "[0.06998    0.22415391 0.26632984 0.73168915 1.26855886]\n",
      "[ 0.7882961   1.36670059  3.75474256  4.4612204  14.28979638]\n",
      " -------------\n",
      " \n",
      "[[ 5.85337656  0.80999777  5.15520106  0.82734727 -1.62231375]\n",
      " [ 0.80999777  4.75840093  2.57129402  0.73092676 -0.66861618]\n",
      " [ 5.15520106  2.57129402  7.80185162  0.74927526 -3.39737506]\n",
      " [ 0.82734727  0.73092676  0.74927526  2.16654925  0.73476392]\n",
      " [-1.62231375 -0.66861618 -3.39737506  0.73476392  4.08057767]]\n",
      "[[ 0.49413614  0.13222693 -0.41866738 -0.04715375 -0.12196075]\n",
      " [ 0.13222693  0.30003176 -0.20616395 -0.06039279 -0.05904119]\n",
      " [-0.41866738 -0.20616395  0.63434814 -0.10773732  0.34731005]\n",
      " [-0.04715375 -0.06039279 -0.10773732  0.61488821 -0.22906059]\n",
      " [-0.12196075 -0.05904119  0.34731005 -0.22906059  0.51730751]]\n",
      "[[ 6.1502267   1.12668567  5.61855362  0.88234042 -1.82807176]\n",
      " [ 1.12668567  5.0962523   3.06561129  0.78959497 -0.88812448]\n",
      " [ 5.61855362  3.06561129  8.52509734  0.83511392 -3.71854216]\n",
      " [ 0.88234042  0.78959497  0.83511392  2.17673704  0.6966461 ]\n",
      " [-1.82807176 -0.88812448 -3.71854216  0.6966461   4.22319629]]\n",
      "[[ 0.49325861  0.1297815  -0.42005382 -0.0470459  -0.12129184]\n",
      " [ 0.1297815   0.29321705 -0.21002758 -0.06009224 -0.05717713]\n",
      " [-0.42005382 -0.21002758  0.63215764 -0.10756692  0.34836689]\n",
      " [-0.0470459  -0.06009224 -0.10756692  0.61487496 -0.2291428 ]\n",
      " [-0.12129184 -0.05717713  0.34836689 -0.2291428   0.51679763]]\n",
      "[0.06356164 0.22111191 0.26593966 0.73124017 1.26845251]\n",
      "[ 0.78836219  1.36753975  3.76025148  4.52259675 15.73275949]\n",
      " -------------\n",
      " \n",
      "[[ 6.1502267   1.12668567  5.61855362  0.88234042 -1.82807176]\n",
      " [ 1.12668567  5.0962523   3.06561129  0.78959497 -0.88812448]\n",
      " [ 5.61855362  3.06561129  8.52509734  0.83511392 -3.71854216]\n",
      " [ 0.88234042  0.78959497  0.83511392  2.17673704  0.6966461 ]\n",
      " [-1.82807176 -0.88812448 -3.71854216  0.6966461   4.22319629]]\n",
      "[[ 0.49325861  0.1297815  -0.42005382 -0.0470459  -0.12129184]\n",
      " [ 0.1297815   0.29321705 -0.21002758 -0.06009224 -0.05717713]\n",
      " [-0.42005382 -0.21002758  0.63215764 -0.10756692  0.34836689]\n",
      " [-0.0470459  -0.06009224 -0.10756692  0.61487496 -0.2291428 ]\n",
      " [-0.12129184 -0.05717713  0.34836689 -0.2291428   0.51679763]]\n",
      "[[ 6.1544961   1.15771201  5.6659082   0.87797801 -1.7997387 ]\n",
      " [ 1.15771201  5.3217249   3.4097434   0.75789272 -0.68222437]\n",
      " [ 5.6659082   3.4097434   9.05033595  0.78672772 -3.40428294]\n",
      " [ 0.87797801  0.75789272  0.78672772  2.18119449  0.6676958 ]\n",
      " [-1.7997387  -0.68222437 -3.40428294  0.6676958   4.41122294]]\n",
      "[[ 0.44936287  0.12551321 -0.33746862 -0.08924552 -0.04417956]\n",
      " [ 0.12551321  0.29280201 -0.20199723 -0.06419561 -0.04967896]\n",
      " [-0.33746862 -0.20199723  0.47678232 -0.0281728   0.2032883 ]\n",
      " [-0.08924552 -0.06419561 -0.0281728   0.57430592 -0.15501013]\n",
      " [-0.04417956 -0.04967896  0.2032883  -0.15501013  0.3813334 ]]\n",
      "[0.06232114 0.20940546 0.26383984 0.68557958 0.9534405 ]\n",
      "[ 1.04883315  1.45861987  3.79017817  4.77542468 16.04591852]\n",
      " -------------\n",
      " \n",
      "[[ 6.1544961   1.15771201  5.6659082   0.87797801 -1.7997387 ]\n",
      " [ 1.15771201  5.3217249   3.4097434   0.75789272 -0.68222437]\n",
      " [ 5.6659082   3.4097434   9.05033595  0.78672772 -3.40428294]\n",
      " [ 0.87797801  0.75789272  0.78672772  2.18119449  0.6676958 ]\n",
      " [-1.7997387  -0.68222437 -3.40428294  0.6676958   4.41122294]]\n",
      "[[ 0.44936287  0.12551321 -0.33746862 -0.08924552 -0.04417956]\n",
      " [ 0.12551321  0.29280201 -0.20199723 -0.06419561 -0.04967896]\n",
      " [-0.33746862 -0.20199723  0.47678232 -0.0281728   0.2032883 ]\n",
      " [-0.08924552 -0.06419561 -0.0281728   0.57430592 -0.15501013]\n",
      " [-0.04417956 -0.04967896  0.2032883  -0.15501013  0.3813334 ]]\n",
      "[[ 6.45134624  1.47439991  6.12926076  0.93297116 -2.0054967 ]\n",
      " [ 1.47439991  5.65957626  3.90406066  0.81656093 -0.90173267]\n",
      " [ 6.12926076  3.90406066  9.77358167  0.87256638 -3.72545003]\n",
      " [ 0.93297116  0.81656093  0.87256638  2.19138228  0.62957798]\n",
      " [-2.0054967  -0.90173267 -3.72545003  0.62957798  4.55384155]]\n",
      "[[ 0.44802205  0.12275696 -0.33832549 -0.08947591 -0.04279506]\n",
      " [ 0.12275696  0.28713614 -0.20375865 -0.0646692  -0.04683291]\n",
      " [-0.33832549 -0.20375865  0.47623473 -0.02832003  0.20417308]\n",
      " [-0.08947591 -0.0646692  -0.02832003  0.57426634 -0.15477224]\n",
      " [-0.04279506 -0.04683291  0.20417308 -0.15477224  0.37990379]]\n",
      "[0.0570994  0.20796856 0.26325739 0.68557074 0.95166695]\n",
      "[ 1.05078778  1.45863867  3.79856381  4.80841913 17.51331863]\n",
      " -------------\n",
      " \n",
      "[[ 6.45134624  1.47439991  6.12926076  0.93297116 -2.0054967 ]\n",
      " [ 1.47439991  5.65957626  3.90406066  0.81656093 -0.90173267]\n",
      " [ 6.12926076  3.90406066  9.77358167  0.87256638 -3.72545003]\n",
      " [ 0.93297116  0.81656093  0.87256638  2.19138228  0.62957798]\n",
      " [-2.0054967  -0.90173267 -3.72545003  0.62957798  4.55384155]]\n",
      "[[ 0.44802205  0.12275696 -0.33832549 -0.08947591 -0.04279506]\n",
      " [ 0.12275696  0.28713614 -0.20375865 -0.0646692  -0.04683291]\n",
      " [-0.33832549 -0.20375865  0.47623473 -0.02832003  0.20417308]\n",
      " [-0.08947591 -0.0646692  -0.02832003  0.57426634 -0.15477224]\n",
      " [-0.04279506 -0.04683291  0.20417308 -0.15477224  0.37990379]]\n",
      "[[ 6.74819638  1.79108781  6.59261332  0.98796432 -2.2112547 ]\n",
      " [ 1.79108781  5.99742763  4.39837793  0.87522914 -1.12124097]\n",
      " [ 6.59261332  4.39837793 10.49682739  0.95840504 -4.04661713]\n",
      " [ 0.98796432  0.87522914  0.95840504  2.20157007  0.59146015]\n",
      " [-2.2112547  -1.12124097 -4.04661713  0.59146015  4.69646017]]\n",
      "[[ 0.44691117  0.12047337 -0.33903542 -0.08966679 -0.04164799]\n",
      " [ 0.12047337  0.28244187 -0.20521801 -0.06506158 -0.04447492]\n",
      " [-0.33903542 -0.20521801  0.47578104 -0.02844201  0.20490614]\n",
      " [-0.08966679 -0.06506158 -0.02844201  0.57423354 -0.15457514]\n",
      " [-0.04164799 -0.04447492  0.20490614 -0.15457514  0.37871934]]\n",
      "[0.05266062 0.2068263  0.26281593 0.6855635  0.9502206 ]\n",
      "[ 1.0523872   1.45865408  3.80494442  4.83497496 18.98952099]\n",
      " -------------\n",
      " \n",
      "[[ 6.74819638  1.79108781  6.59261332  0.98796432 -2.2112547 ]\n",
      " [ 1.79108781  5.99742763  4.39837793  0.87522914 -1.12124097]\n",
      " [ 6.59261332  4.39837793 10.49682739  0.95840504 -4.04661713]\n",
      " [ 0.98796432  0.87522914  0.95840504  2.20157007  0.59146015]\n",
      " [-2.2112547  -1.12124097 -4.04661713  0.59146015  4.69646017]]\n",
      "[[ 0.44691117  0.12047337 -0.33903542 -0.08966679 -0.04164799]\n",
      " [ 0.12047337  0.28244187 -0.20521801 -0.06506158 -0.04447492]\n",
      " [-0.33903542 -0.20521801  0.47578104 -0.02844201  0.20490614]\n",
      " [-0.08966679 -0.06506158 -0.02844201  0.57423354 -0.15457514]\n",
      " [-0.04164799 -0.04447492  0.20490614 -0.15457514  0.37871934]]\n",
      "[[ 7.04504651  2.10777571  7.05596587  1.04295747 -2.41701271]\n",
      " [ 2.10777571  6.335279    4.89269519  0.93389735 -1.34074927]\n",
      " [ 7.05596587  4.89269519 11.22007311  1.04424371 -4.36778422]\n",
      " [ 1.04295747  0.93389735  1.04424371  2.21175787  0.55334233]\n",
      " [-2.41701271 -1.34074927 -4.36778422  0.55334233  4.83907878]]\n",
      "[[ 0.44597574  0.11855045 -0.33963322 -0.08982752 -0.04068208]\n",
      " [ 0.11855045  0.27848903 -0.20644688 -0.06539198 -0.04248936]\n",
      " [-0.33963322 -0.20644688  0.47539901 -0.02854473  0.20552341]\n",
      " [-0.08982752 -0.06539198 -0.02854473  0.57420592 -0.15440917]\n",
      " [-0.04068208 -0.04248936  0.20552341 -0.15440917  0.37772197]]\n",
      "[0.0488469  0.20589848 0.26247019 0.68555746 0.94901864]\n",
      "[ 1.05372008  1.45866694  3.80995652  4.85676236 20.47212938]\n",
      " -------------\n",
      " \n",
      "[[ 7.04504651  2.10777571  7.05596587  1.04295747 -2.41701271]\n",
      " [ 2.10777571  6.335279    4.89269519  0.93389735 -1.34074927]\n",
      " [ 7.05596587  4.89269519 11.22007311  1.04424371 -4.36778422]\n",
      " [ 1.04295747  0.93389735  1.04424371  2.21175787  0.55334233]\n",
      " [-2.41701271 -1.34074927 -4.36778422  0.55334233  4.83907878]]\n",
      "[[ 0.44597574  0.11855045 -0.33963322 -0.08982752 -0.04068208]\n",
      " [ 0.11855045  0.27848903 -0.20644688 -0.06539198 -0.04248936]\n",
      " [-0.33963322 -0.20644688  0.47539901 -0.02854473  0.20552341]\n",
      " [-0.08982752 -0.06539198 -0.02854473  0.57420592 -0.15440917]\n",
      " [-0.04068208 -0.04248936  0.20552341 -0.15440917  0.37772197]]\n",
      "[[ 7.34189665  2.42446361  7.51931843  1.09795063 -2.62277071]\n",
      " [ 2.42446361  6.67313037  5.38701245  0.99256556 -1.56025757]\n",
      " [ 7.51931843  5.38701245 11.94331883  1.13008237 -4.68895132]\n",
      " [ 1.09795063  0.99256556  1.13008237  2.22194566  0.5152245 ]\n",
      " [-2.62277071 -1.56025757 -4.68895132  0.5152245   4.9816974 ]]\n",
      "[[ 0.44517724  0.11690902 -0.34014351 -0.08996472 -0.03985757]\n",
      " [ 0.11690902  0.27511482 -0.20749586 -0.06567402 -0.04079445]\n",
      " [-0.34014351 -0.20749586  0.4750729  -0.02863241  0.20605033]\n",
      " [-0.08996472 -0.06567402 -0.02863241  0.57418235 -0.1542675 ]\n",
      " [-0.03985757 -0.04079445  0.20605033 -0.1542675   0.37687059]]\n",
      "[0.04553831 0.20513097 0.26219228 0.68555234 0.948004  ]\n",
      "[ 1.05484787  1.45867782  3.81399479  4.87493437 21.95953405]\n",
      " -------------\n",
      " \n",
      "[[ 7.34189665  2.42446361  7.51931843  1.09795063 -2.62277071]\n",
      " [ 2.42446361  6.67313037  5.38701245  0.99256556 -1.56025757]\n",
      " [ 7.51931843  5.38701245 11.94331883  1.13008237 -4.68895132]\n",
      " [ 1.09795063  0.99256556  1.13008237  2.22194566  0.5152245 ]\n",
      " [-2.62277071 -1.56025757 -4.68895132  0.5152245   4.9816974 ]]\n",
      "[[ 0.44517724  0.11690902 -0.34014351 -0.08996472 -0.03985757]\n",
      " [ 0.11690902  0.27511482 -0.20749586 -0.06567402 -0.04079445]\n",
      " [-0.34014351 -0.20749586  0.4750729  -0.02863241  0.20605033]\n",
      " [-0.08996472 -0.06567402 -0.02863241  0.57418235 -0.1542675 ]\n",
      " [-0.03985757 -0.04079445  0.20605033 -0.1542675   0.37687059]]\n",
      "[[ 7.63874679  2.74115151  7.98267099  1.15294378 -2.82852871]\n",
      " [ 2.74115151  7.01098174  5.88132972  1.05123377 -1.77976587]\n",
      " [ 7.98267099  5.88132972 12.66656455  1.21592103 -5.01011841]\n",
      " [ 1.15294378  1.05123377  1.21592103  2.23213345  0.47710668]\n",
      " [-2.82852871 -1.77976587 -5.01011841  0.47710668  5.12431601]]\n",
      "[[ 0.44448765  0.11549148 -0.3405842  -0.09008321 -0.03914552]\n",
      " [ 0.11549148  0.27220085 -0.20840176 -0.06591759 -0.03933072]\n",
      " [-0.3405842  -0.20840176  0.47479127 -0.02870813  0.20650538]\n",
      " [-0.09008321 -0.06591759 -0.02870813  0.57416199 -0.15414515]\n",
      " [-0.03914552 -0.03933072  0.20650538 -0.15414515  0.37613535]]\n",
      "[0.0426428  0.20448613 0.26196414 0.68554795 0.94713608]\n",
      "[ 1.05581449  1.45868717  3.81731631  4.89030731 23.45061726]\n",
      " -------------\n",
      " \n",
      "[[ 7.63874679  2.74115151  7.98267099  1.15294378 -2.82852871]\n",
      " [ 2.74115151  7.01098174  5.88132972  1.05123377 -1.77976587]\n",
      " [ 7.98267099  5.88132972 12.66656455  1.21592103 -5.01011841]\n",
      " [ 1.15294378  1.05123377  1.21592103  2.23213345  0.47710668]\n",
      " [-2.82852871 -1.77976587 -5.01011841  0.47710668  5.12431601]]\n",
      "[[ 0.44448765  0.11549148 -0.3405842  -0.09008321 -0.03914552]\n",
      " [ 0.11549148  0.27220085 -0.20840176 -0.06591759 -0.03933072]\n",
      " [-0.3405842  -0.20840176  0.47479127 -0.02870813  0.20650538]\n",
      " [-0.09008321 -0.06591759 -0.02870813  0.57416199 -0.15414515]\n",
      " [-0.03914552 -0.03933072  0.20650538 -0.15414515  0.37613535]]\n",
      "[[ 7.6430162   2.77217785  8.03002557  1.14858137 -2.80019565]\n",
      " [ 2.77217785  7.23645434  6.22546183  1.01953152 -1.57386576]\n",
      " [ 8.03002557  6.22546183 13.19180316  1.16753482 -4.69585919]\n",
      " [ 1.14858137  1.01953152  1.16753482  2.2365909   0.44815638]\n",
      " [-2.80019565 -1.57386576 -4.69585919  0.44815638  5.31234266]]\n",
      "[[ 4.22008566e-01  1.12015570e-01 -2.99952529e-01 -1.11173598e-01\n",
      "  -1.33210716e-04]\n",
